-------------------Multinomial with cv-------------------
Accuracy: 85.0273996818
                          precision    recall  f1-score   support

             alt.atheism       0.91      0.76      0.83       480
           comp.graphics       0.89      0.77      0.82       584
 comp.os.ms-windows.misc       0.88      0.82      0.85       591
comp.sys.ibm.pc.hardware       0.72      0.83      0.77       590
   comp.sys.mac.hardware       0.92      0.85      0.88       578
          comp.windows.x       0.94      0.86      0.90       593
            misc.forsale       0.93      0.67      0.78       585
               rec.autos       0.87      0.91      0.89       594
         rec.motorcycles       0.94      0.95      0.94       598
      rec.sport.baseball       0.95      0.95      0.95       597
        rec.sport.hockey       0.92      0.98      0.95       600
               sci.crypt       0.71      0.98      0.82       595
         sci.electronics       0.92      0.77      0.84       591
                 sci.med       0.97      0.89      0.93       594
               sci.space       0.91      0.95      0.93       593
  soc.religion.christian       0.52      0.98      0.68       599
      talk.politics.guns       0.82      0.97      0.89       546
   talk.politics.mideast       0.94      0.98      0.95       564
      talk.politics.misc       0.99      0.67      0.80       465
      talk.religion.misc       0.99      0.18      0.30       377

             avg / total       0.88      0.85      0.85     11314


[[365   0   0   0   0   0   0   0   0   0   0   1   0   0   1 108   1   3
    0   1]
 [  1 449  13  31   7  15   3   2   1   4   1  24   3   3   8  16   1   1
    1   0]
 [  0  14 483  47   3  12   1   2   0   2   0  14   1   0   3   9   0   0
    0   0]
 [  0   8  20 490  13   3   8   5   0   0   2  20   8   1   2   8   2   0
    0   0]
 [  0   2   6  25 490   2   5   3   3   3   3  20   5   1   1   7   1   1
    0   0]
 [  0  19   8   9   1 509   0   1   4   1   3  23   2   1   3   9   0   0
    0   0]
 [  0   1   8  40   9   0 391  30  13   6  10  32  11   4   4  18   7   1
    0   0]
 [  0   1   0   2   0   0   6 543   8   2   3   4   6   0   4   8   7   0
    0   0]
 [  0   1   0   1   0   1   2  10 567   0   1   5   0   0   1   4   5   0
    0   0]
 [  0   0   0   0   0   0   1   3   1 566  16   2   1   1   1   5   0   0
    0   0]
 [  0   0   0   2   0   0   0   0   3   1 590   1   0   0   0   1   1   1
    0   0]
 [  0   2   1   1   0   0   0   0   0   1   1 584   1   0   0   3   1   0
    0   0]
 [  0   4   5  27   5   0   4  17   2   3   4  36 456   1  15  10   1   1
    0   0]
 [  0   0   0   1   0   0   0   2   0   1   1  14   2 530   8  30   3   2
    0   0]
 [  0   6   0   0   0   0   1   0   0   0   0   7   0   0 565  10   4   0
    0   0]
 [  0   0   1   1   2   0   0   1   0   0   1   2   0   1   0 589   0   1
    0   0]
 [  1   0   1   0   0   0   0   1   0   0   0   8   0   0   1   6 527   1
    0   0]
 [  0   0   0   0   0   0   0   0   0   0   1   0   0   0   0  13   0 550
    0   0]
 [  0   0   0   0   0   0   0   2   1   4   3  19   0   0   2  57  49  18
  310   0]
 [ 34   0   0   0   0   1   0   1   1   4   0   5   1   3   2 215  33   8
    3  66]]

-----------Multinomial-----------
Accuracy: 77.389803505
                          precision    recall  f1-score   support

             alt.atheism       0.80      0.52      0.63       319
           comp.graphics       0.81      0.65      0.72       389
 comp.os.ms-windows.misc       0.82      0.65      0.73       394
comp.sys.ibm.pc.hardware       0.67      0.78      0.72       392
   comp.sys.mac.hardware       0.86      0.77      0.81       385
          comp.windows.x       0.89      0.75      0.82       395
            misc.forsale       0.93      0.69      0.80       390
               rec.autos       0.85      0.92      0.88       396
         rec.motorcycles       0.94      0.93      0.93       398
      rec.sport.baseball       0.92      0.90      0.91       397
        rec.sport.hockey       0.89      0.97      0.93       399
               sci.crypt       0.59      0.97      0.74       396
         sci.electronics       0.84      0.60      0.70       393
                 sci.med       0.92      0.74      0.82       396
               sci.space       0.84      0.89      0.87       394
  soc.religion.christian       0.44      0.98      0.61       398
      talk.politics.guns       0.64      0.94      0.76       364
   talk.politics.mideast       0.93      0.91      0.92       376
      talk.politics.misc       0.96      0.42      0.58       310
      talk.religion.misc       0.97      0.14      0.24       251

             avg / total       0.82      0.77      0.77      7532


[[166   0   0   1   0   1   0   0   1   1   1   3   0   6   3 123   4   8
    0   1]
 [  1 252  15  12   9  18   1   2   1   5   2  41   4   0   6  15   4   1
    0   0]
 [  0  14 258  45   3   9   0   2   1   3   2  25   1   0   6  23   2   0
    0   0]
 [  0   5  11 305  17   1   3   6   1   0   2  19  13   0   5   3   1   0
    0   0]
 [  0   3   8  23 298   0   3   8   1   3   1  16   8   0   2   8   3   0
    0   0]
 [  1  21  17  13   2 298   1   0   1   1   0  23   0   1   4  10   2   0
    0   0]
 [  0   1   3  31  12   1 271  19   4   4   6   5  12   6   3   9   3   0
    0   0]
 [  0   1   0   3   0   0   4 364   3   2   2   4   1   1   3   3   4   0
    1   0]
 [  0   0   0   1   0   0   2  10 371   0   0   4   0   0   0   8   2   0
    0   0]
 [  0   0   0   0   1   0   0   4   0 357  22   0   0   0   2   9   1   1
    0   0]
 [  0   0   0   0   0   0   0   1   0   4 387   1   0   0   1   5   0   0
    0   0]
 [  0   2   1   0   0   1   1   3   0   0   0 383   1   0   0   3   1   0
    0   0]
 [  0   4   2  17   5   0   2   8   7   1   2  78 235   3  11  15   2   1
    0   0]
 [  2   3   0   1   1   3   1   0   2   3   4  11   5 292   6  52   6   4
    0   0]
 [  0   2   0   1   0   3   0   2   1   0   1   6   1   2 351  19   4   0
    1   0]
 [  2   0   0   0   0   0   0   0   1   0   0   0   0   1   2 392   0   0
    0   0]
 [  0   0   0   1   0   0   2   0   1   1   0  10   0   0   1   6 341   1
    0   0]
 [  0   1   0   0   0   0   0   0   0   1   0   2   0   0   0  24   3 344
    1   0]
 [  2   0   0   0   0   0   0   1   0   0   1  11   0   1   7  35 118   5
  129   0]
 [ 33   2   0   0   0   0   0   0   0   1   1   3   0   4   4 131  29   5
    3  35]]

-----------------Bernoulli with cv-----------------
Accuracy: 69.3211949797
                          precision    recall  f1-score   support

             alt.atheism       0.93      0.41      0.57       480
           comp.graphics       0.72      0.73      0.72       584
 comp.os.ms-windows.misc       0.89      0.04      0.08       591
comp.sys.ibm.pc.hardware       0.46      0.82      0.59       590
   comp.sys.mac.hardware       0.67      0.79      0.72       578
          comp.windows.x       0.87      0.73      0.79       593
            misc.forsale       0.30      0.90      0.45       585
               rec.autos       0.74      0.80      0.77       594
         rec.motorcycles       0.77      0.90      0.83       598
      rec.sport.baseball       0.78      0.88      0.82       597
        rec.sport.hockey       0.98      0.87      0.92       600
               sci.crypt       0.92      0.81      0.86       595
         sci.electronics       0.69      0.76      0.72       591
                 sci.med       0.96      0.75      0.85       594
               sci.space       0.95      0.75      0.84       593
  soc.religion.christian       0.60      0.84      0.70       599
      talk.politics.guns       0.92      0.68      0.78       546
   talk.politics.mideast       0.95      0.69      0.80       564
      talk.politics.misc       0.93      0.32      0.48       465
      talk.religion.misc       0.33      0.01      0.01       377

             avg / total       0.77      0.69      0.68     11314


[[196  11   0  29  17   0  36  10  27  23   0   3  13   1   0 109   0   4
    0   1]
 [  0 427   0  39   7  12  83   0   0   0   0   8   2   1   5   0   0   0
    0   0]
 [  0  53  24 307  28  44 111   1   0   0   0   7  15   0   0   0   0   0
    0   1]
 [  0   9   0 486  15   0  69   2   0   0   0   1   6   1   0   0   0   0
    1   0]
 [  0   7   1  34 454   1  67   1   0   0   0   2   9   1   0   1   0   0
    0   0]
 [  0  39   0  23  11 432  81   1   0   0   0   1   3   0   2   0   0   0
    0   0]
 [  0   0   0  21   6   1 525  15   2   0   1   2  11   0   1   0   0   0
    0   0]
 [  0   0   0   4  10   0  82 478   7   0   0   2   9   0   0   0   1   0
    1   0]
 [  0   0   0   1   2   0  46  10 536   0   0   1   0   0   0   1   0   0
    1   0]
 [  0   1   0   0   2   0  66   1   0 525   2   0   0   0   0   0   0   0
    0   0]
 [  0   0   0   3   1   0  53   0   1  19 521   0   0   0   0   0   0   0
    2   0]
 [  0   7   1  16  13   5  43   0   4   0   0 481  21   0   1   0   0   1
    1   1]
 [  0   7   0  25  11   1  87   4   1   1   0   3 450   0   0   0   0   0
    1   0]
 [  0   3   0  15  11   2  67   2   6   0   0   2  28 448   4   3   0   0
    2   1]
 [  0  22   0   4  18   0  67   3   2   2   0   0  24   0 447   1   1   0
    2   0]
 [  0   0   0   4   4   0  65   2   3   8   0   0   6   2   0 504   0   1
    0   0]
 [  0   0   1   9  13   0  51  29  26  16   0   4  20   0   1   2 371   2
    1   0]
 [  0   4   0   6  31   1  68   9  22  21   0   1   7   0   0   7   0 387
    0   0]
 [  0   1   0   9  12   0  46  56  38  48   5   5  14   8  11  38  17   8
  149   0]
 [ 14   3   0  12  14   0  58  24  19  13   0   0  18   4   1 177  13   5
    0   2]]

---------Bernoulli---------
Accuracy: 63.0775358471
                          precision    recall  f1-score   support

             alt.atheism       0.92      0.32      0.47       319
           comp.graphics       0.58      0.63      0.61       389
 comp.os.ms-windows.misc       0.33      0.01      0.01       394
comp.sys.ibm.pc.hardware       0.43      0.81      0.56       392
   comp.sys.mac.hardware       0.64      0.76      0.70       385
          comp.windows.x       0.84      0.61      0.70       395
            misc.forsale       0.30      0.93      0.45       390
               rec.autos       0.67      0.78      0.72       396
         rec.motorcycles       0.74      0.91      0.82       398
      rec.sport.baseball       0.77      0.87      0.82       397
        rec.sport.hockey       0.99      0.83      0.90       399
               sci.crypt       0.82      0.69      0.75       396
         sci.electronics       0.57      0.67      0.62       393
                 sci.med       0.84      0.52      0.64       396
               sci.space       0.88      0.68      0.77       394
  soc.religion.christian       0.53      0.80      0.64       398
      talk.politics.guns       0.74      0.57      0.64       364
   talk.politics.mideast       0.96      0.65      0.78       376
      talk.politics.misc       0.89      0.19      0.31       310
      talk.religion.misc       1.00      0.00      0.01       251

             avg / total       0.71      0.63      0.61      7532


[[101   2   0  17   8   0  34  14  22  12   0   1   8   9   3  84   0   4
    0   0]
 [  0 245   0  28  12  14  63   1   0   1   0  10   8   1   4   2   0   0
    0   0]
 [  0  50   2 205  24  24  55   4   4   2   0  12   3   0   4   4   0   0
    1   0]
 [  0   2   1 319   8   2  36   1   0   0   0   2  21   0   0   0   0   0
    0   0]
 [  0   3   1  25 291   0  50   1   0   2   0   1   7   0   3   1   0   0
    0   0]
 [  0  60   2  27   6 240  51   0   1   0   0   4   3   1   0   0   0   0
    0   0]
 [  0   0   0  14   2   0 362   3   1   0   0   1   6   1   0   0   0   0
    0   0]
 [  0   1   0   5   2   0  59 308   5   0   0   0  15   0   1   0   0   0
    0   0]
 [  0   0   0   1   1   0  22   7 364   0   0   0   2   0   0   0   0   1
    0   0]
 [  0   1   0   2   1   0  40   1   1 346   0   0   0   0   0   4   0   0
    1   0]
 [  0   0   0   1   0   0  39   1   2  19 330   0   3   0   0   4   0   0
    0   0]
 [  0  12   0  18  14   1  44   2   4   3   0 273  22   0   1   1   0   0
    1   0]
 [  0  11   0  30   7   0  60   3   1   0   0  15 262   3   1   0   0   0
    0   0]
 [  0  11   0  12  22   0  88  11  11   1   0   0  25 206   1   4   1   1
    2   0]
 [  0  11   0   2   8   4  51   7   3   0   0   2  27   4 269   5   0   0
    1   0]
 [  0   3   0  10   8   1  42   0   3   4   0   0   7   0   0 320   0   0
    0   0]
 [  0   0   0   7   7   0  37  45  20  10   0   6  13   4   2   6 207   0
    0   0]
 [  0   3   0   4  15   0  37   7  14  15   1   2   4   1   0  27   0 246
    0   0]
 [  0   1   0   6   7   0  29  34  21  19   1   5  16  10  12  31  58   1
   59   0]
 [  9   3   0  14   9   1  26  11  15  14   0   0   5   6   4 116  14   2
    1   1]]

